Template: NONE
DangerType: None
WaveSpeed: 0.5
WaveLength: 0.75
WaveAmplitude: 0.03587852
SecondWaveLength: 0.1666667
SecondWaveAmplitude: 0
PlacedObjects: DangleFruit><404.3062><332.5493><0~0~2~3, DataPearl><518.1538><318.3721><0~0~0~0~Misc~0, UniqueDataPearl><791.5946><327.4262><0~0~0~0~Misc2~0, ReliableSpear><547.5591><169.4402><, ReliableSpear><600.6266><175.3426><, 
