CSU_Chatlog: -49.99999><-50.66667><-44.33333><-1><1><><48><35
CSU_Spawn: 99.99998><-48.66667><88.66666><2><1><><48><35
OffScreenDen_CSU: -49.99999><99.33334><-44.33333><-1><1><><0><0
Connection: CSU_Chatlog,CSU_Spawn,34,12,14,9,0,2
